{
type = trap
particle = 0
pos0 = -0.15621811151504517, 1.299251914024353, 37.14310073852539
stiff = 5.0
rate = 0.
dir = 0.,0.,0.
}
